 0    1     939565.378140
 1    1     938272.032662
 1    2     1875612.84481
 1    3     2808920.99018
 2    3     2808391.40065
 3    3     2821616.18621
 1    4     3750086.36807
 2    4     3727379.16175
 3    4     3749766.43321
 1    5     4689851.74607
 2    5     4667679.54014
 3    5     4667616.19421
 4    5     4692565.30928
 1    6     5630329.08407
 2    6     5605534.46314
 3    6     5601518.24814
 4    6     5605295.40428
 5    6     5633729.37136
 1    7     6569082.42807
 2    7     6545509.55514
 3    7     6533832.53541
 4    7     6534183.43028
 5    7     6545579.98235
 2    8     7482540.17114
 3    8     7471365.29521
 4    8     7454850.16328
 5    8     7472319.07035
 6    8     7483950.76343
 2    9     8423360.44714
 3    9     8406868.45421
 4    9     8392751.00628
 5    9     8393308.04236
 6    9     8409291.52543
 2    10    9363090.92814
 3    10    9346460.23721
 4    10    9325504.10228
 5    10    9324436.30535
 6    10    9327573.37143
 7    10    9350163.72450
 3    11    10285629.9282
 4    11    10264567.8422
 5    11    10252547.5593
 6    11    10254018.9724
 7    11    10267161.3205
 3    12    11225315.3062
 4    12    11200962.4952
 5    12    11188743.1533
 6    12    11174862.7384
 7    12    11191689.8115
 8    12    11205755.4365
 3    13    12166230.6842
 4    13    12141037.8732
 5    13    12123429.9173
 6    13    12109481.8081
 7    13    12111191.2815
 8    13    12128450.2405
 4    14    13078827.3562
 5    14    13062025.5443
 6    14    13040870.7532
 7    14    13040203.2781
 8    14    13044836.3195
 9    14    13068282.2736
 4    15    14020126.9192
 5    15    13998813.9083
 6    15    13979218.0654
 7    15    13968935.3611
 8    15    13971178.5285
 9    15    13984618.7346
 4    16    14959308.1122
 5    16    14938462.2523
 6    16    14914533.1104
 7    16    14906011.8905
 8    16    14895079.9832
 9    16    14909986.2396
 10   16    14922781.1407
 5    17    15876614.8583
 6    17    15853363.8214
 7    17    15839692.1195
 8    17    15830502.2819
 9    17    15832751.7476
 10   17    15846789.4987
 5    18    16816185.2363
 6    18    16788745.2284
 7    18    16776429.2735
 8    18    16762022.2909
 9    18    16763167.2206
 10   18    16767100.7317
 11   18    16786309.0407
 5    19    17754609.1643
 6    19    17727733.7774
 7    19    17710665.6875
 8    19    17697632.0255
 9    19    17692300.7243
 10   19    17695029.2237
 11   19    17705695.5617
 12   19    17724083.5638
 5    20    18694459.2253
 6    20    18664372.8364
 7    20    18648069.3375
 8    20    18629589.3965
 9    20    18625264.7666
 10   20    18617729.3001
 11   20    18631110.8357
 12   20    18641307.8998
 5    21    19634541.2863
 6    21    19603952.2874
 7    21    19583049.4525
 8    21    19565349.1965
 9    21    19556728.6816
 10   21    19550533.5157
 11   21    19553569.6557
 12   21    19566156.8088
 13   21    19581722.2949
 6    22    20543393.5924
 7    22    20521331.0245
 8    22    20498064.6725
 9    22    20491063.7286
 10   22    20479734.6387
 11   22    20482066.8357
 12   22    20486337.4158
 13   22    20504427.3559
 14   22    20519053.3570
 6    23    21485468.4094
 7    23    21459108.4105
 8    23    21434896.0685
 9    23    21423077.4546
 10   23    21414099.3697
 11   23    21409212.5623
 12   23    21412758.1518
 13   23    21424468.4869
 14   23    21440906.4180
 7    24    22399218.4715
 8    24    22370269.8745
 9    24    22358818.0006
 10   24    22344795.8337
 11   24    22341818.5177
 12   24    22335791.9078
 13   24    22349166.8639
 14   24    22359447.8320
 15   24    22381512.4800
 7    25    23339757.5325
 8    25    23310611.2525
 9    25    23294116.0436
 10   25    23280181.7297
 11   25    23272372.7197
 12   25    23268026.7668
 13   25    23271792.3739
 14   25    23284024.8710
 15   25    23299424.5410
 8    26    24249490.6315
 9    26    24232911.6566
 10   26    24214215.0417
 11   26    24206363.8177
 12   26    24196499.0528
 13   26    24199992.4879
 14   26    24204550.6240
 15   26    24222153.6020
 16   26    24237748.6031
 8    27    25190702.6555
 9    27    25170370.2896
 10   27    25152265.4817
 11   27    25139200.9827
 12   27    25129621.0458
 13   27    25126499.9139
 14   27    25130801.2730
 15   27    25141952.2020
 16   27    25159191.6641
 8    28    26129825.7165
 9    28    26110155.6676
 10   28    26088015.2877
 11   28    26075224.4047
 12   28    26060682.9908
 13   28    26058340.1919
 14   28    26053186.9284
 15   28    26067020.9840
 16   28    26077730.9301
 17   28    26100662.7262
 9    29    27048354.7786
 10   29    27026617.5807
 11   29    27010386.7567
 12   29    26996592.9528
 13   29    26988480.1209
 14   29    26984278.7053
 15   29    26988710.3340
 16   29    27001995.3781
 17   29    27018407.7872
 9    30    27988334.8396
 10   30    27962751.4137
 11   30    27947675.5117
 12   30    27929806.1158
 13   30    27922306.3919
 14   30    27913234.8840
 15   30    27916956.2380
 16   30    27922586.8401
 17   30    27940577.8482
 18   30    27957113.8492
 9    31    28927334.9006
 10   31    28902026.2437
 11   31    28882955.8377
 12   31    28867061.5668
 13   31    28854717.9289
 14   31    28846212.8700
 15   31    28844210.3659
 16   31    28849097.3831
 17   31    28860562.7852
 18   31    28878411.9102
 10   32    29839698.9627
 11   32    29820998.6217
 12   32    29800849.1578
 13   32    29790068.4379
 14   32    29776578.2810
 15   32    29775840.0940
 16   32    29773618.4356
 17   32    29785788.2962
 18   32    29796411.6202
 19   32    29819198.9723
 10   33    30780191.0237
 11   33    30757650.0247
 12   33    30738134.2298
 13   33    30724192.7939
 14   33    30711635.7020
 15   33    30705301.6830
 16   33    30704542.1758
 17   33    30709613.6942
 18   33    30720721.7392
 19   33    30736637.0333
 10   34    31718530.0847
 11   34    31696466.0857
 12   34    31672989.4338
 13   34    31661086.1869
 14   34    31643687.3600
 15   34    31638584.3920
 16   34    31632690.3981
 17   34    31637671.0052
 18   34    31643221.8002
 19   34    31659869.0943
 20   34    31674429.0954
 11   35    32634511.1467
 12   35    32611799.9318
 13   35    32595429.3159
 14   35    32580777.7510
 15   35    32569769.3600
 16   35    32565269.9351
 17   35    32564591.6132
 18   35    32570046.7442
 19   35    32581410.2643
 20   35    32596860.1564
 11   36    33574077.2077
 12   36    33548034.3658
 13   36    33533093.5939
 14   36    33514238.8880
 15   36    33505870.1840
 16   36    33494946.0891
 17   36    33495577.1972
 18   36    33494356.6752
 19   36    33506660.1513
 20   36    33517115.0674
 21   36    33538406.2185
 11   37    34512802.2687
 12   37    34487437.2698
 13   37    34468446.8339
 14   37    34451531.9850
 15   37    34438619.1680
 16   37    34430207.8641
 17   37    34424831.7542
 18   37    34425134.6282
 19   37    34430771.0783
 20   37    34441924.2124
 21   37    34458033.2795
 12   38    35424716.3308
 13   38    35406341.1909
 14   38    35385450.0340
 15   38    35374439.7780
 16   38    35361737.1481
 17   38    35358289.2492
 18   38    35352861.5172
 19   38    35358264.5843
 20   38    35364495.8394
 21   38    35381497.3405
 22   38    35396198.3415
 12   39    36364411.3918
 13   39    36342621.3929
 14   39    36323434.7460
 15   39    36307774.1220
 16   39    36296930.0501
 17   39    36289781.2052
 18   39    36285828.2082
 19   39    36284752.2091
 20   39    36290765.6984
 21   39    36303364.6915
 22   39    36319224.4025
 12   40    37302235.4528
 13   40    37281092.4539
 14   40    37258038.1340
 15   40    37244023.0310
 16   40    37228748.6111
 17   40    37223517.6452
 18   40    37215524.5646
 19   40    37216517.9683
 20   40    37214696.0754
 21   40    37228508.1265
 22   40    37239670.0775
 23   40    37259895.4646
 13   41    38218501.5149
 14   41    38196222.1840
 15   41    38178611.7500
 16   41    38164071.9411
 17   41    38155262.3302
 18   41    38148991.0152
 19   41    38145987.9780
 20   41    38145898.6354
 21   41    38151883.1125
 22   41    38164316.9875
 23   41    38179699.5256
 13   42    39156944.5759
 14   42    39132158.5770
 15   42    39116095.3170
 16   42    39096936.8331
 17   42    39089150.5902
 18   42    39079129.9062
 19   42    39078019.5563
 20   42    39073983.3404
 21   42    39079898.4415
 22   42    39086403.9225
 23   42    39103377.5866
 24   42    39116727.5877
 13   43    40095545.6369
 14   43    40070191.6380
 15   43    40051259.4650
 16   43    40033873.1811
 17   43    40021235.0142
 18   43    40013036.8342
 19   43    40007960.2543
 20   43    40005615.8294
 21   43    40007325.5455
 22   43    40013681.5625
 23   43    40024575.2916
 24   43    40039679.6487
 14   44    41007097.6990
 15   44    40988515.7000
 16   44    40968358.4671
 17   44    40956441.9722
 18   44    40943867.4482
 19   44    40940248.2123
 20   44    40934050.0474
 21   44    40937191.7285
 22   44    40936948.1375
 23   44    40949869.3286
 24   44    40959837.7097
 25   44    40979623.7107
 14   45    41947291.7600
 15   45    41924890.7610
 16   45    41905067.1731
 17   45    41890186.0162
 18   45    41878263.9682
 19   45    41870908.1273
 20   45    41866200.6144
 21   45    41865430.5905
 22   45    41866981.6475
 23   45    41873599.2206
 24   45    41885453.9717
 25   45    41899324.7717
 26   45    41917377.7728
 15   46    42863845.8220
 16   46    42840587.8231
 17   46    42826229.4942
 18   46    42809798.0632
 19   46    42803603.9023
 20   46    42795368.4314
 21   46    42796235.3295
 22   46    42793357.8335
 23   46    42799899.2286
 24   46    42806989.3007
 25   46    42822994.8328
 26   46    42836027.8338
 15   47    43801795.8830
 16   47    43779449.8841
 17   47    43761436.8852
 18   47    43745811.8752
 19   47    43734799.9113
 20   47    43727657.4354
 21   47    43725154.2595
 22   47    43724042.4905
 23   47    43726462.0906
 24   47    43733396.0057
 25   47    43744880.4517
 26   47    43759342.8948
 27   47    43776269.8959
 16   48    44716299.9451
 17   48    44698966.9462
 18   48    44680076.9472
 19   48    44669721.4713
 20   48    44657270.1904
 21   48    44656480.5305
 22   48    44651981.2175
 23   48    44655485.1846
 24   48    44656629.2997
 25   48    44669616.5238
 26   48    44680012.9558
 27   48    44698783.9569
 28   48    44713883.9580
 16   49    45656236.0061
 17   49    45635668.0072
 18   49    45617151.0082
 19   49    45603888.5183
 20   49    45591689.1154
 21   49    45585916.9385
 22   49    45583404.2035
 23   49    45583495.0606
 24   49    45585612.3217
 25   49    45592797.2778
 26   49    45605172.2898
 27   49    45619082.0179
 28   49    45636074.0190
 17   50    46574446.0682
 18   50    46552585.0692
 19   50    46539266.2223
 20   50    46524893.8474
 21   50    46519424.5585
 22   50    46512030.3925
 23   50    46513726.2186
 24   50    46512177.3667
 25   50    46519300.8447
 26   50    46526928.4468
 27   50    46543124.0789
 28   50    46555495.0800
 17   51    47511985.1292
 18   51    47491131.1302
 19   51    47473972.0923
 20   51    47459638.6034
 21   51    47452237.3195
 22   51    47445223.2765
 23   51    47442240.4506
 24   51    47442482.0827
 25   51    47445178.6428
 26   51    47452708.8088
 27   51    47465057.9969
 28   51    47478951.1410
 18   52    48427524.1912
 19   52    48411439.1923
 20   52    48393208.1844
 21   52    48386793.6885
 22   52    48376980.3505
 23   52    48374494.5846
 24   52    48370009.1087
 25   52    48374209.3447
 26   52    48376072.9068
 27   52    48389904.2009
 28   52    48399909.2020
 29   52    48419807.2030
 18   53    49366778.2522
 19   53    49347795.2533
 20   53    49330508.2544
 21   53    49320346.8355
 22   53    49311113.2655
 23   53    49305582.2666
 24   53    49301635.3647
 25   53    49301721.2148
 26   53    49304952.5268
 27   53    49312729.6349
 28   53    49325246.4390
 29   53    49340012.2640
 19   54    50285968.3143
 20   54    50265681.3154
 21   54    50256349.3275
 22   54    50243840.2645
 23   54    50239034.2116
 24   54    50231481.6227
 25   54    50232347.7968
 26   54    50231139.4548
 27   54    50238873.0029
 28   54    50247148.4070
 29   54    50264119.3250
 30   54    50277933.3261
 19   55    51223172.3753
 20   55    51203603.3764
 21   55    51191465.8685
 22   55    51179263.8485
 23   55    51171276.7596
 24   55    51164800.7377
 25   55    51161686.6567
 26   55    51161406.7458
 27   55    51164347.1259
 28   55    51172530.1610
 29   55    51185718.9870
 30   55    51201920.3871
 19   56    52161885.4363
 20   56    52139549.4374
 21   56    52128205.4385
 22   56    52113220.1175
 23   56    52105791.3386
 24   56    52096122.1967
 25   56    52093981.5978
 26   56    52089775.0218
 27   56    52093830.6469
 28   56    52095452.5370
 29   56    52110610.4470
 30   56    52122758.4481
 31   56    52143504.4492
 20   57    53078067.4984
 21   57    53063723.4995
 22   57    53050051.8935
 23   57    53039180.1126
 24   57    53030373.3637
 25   57    53024900.3728
 26   57    53021694.3248
 27   57    53022019.5579
 28   57    53024770.2880
 29   57    53033034.2550
 30   57    53047285.5091
 31   57    53063671.5102
 20   58    54014516.5594
 21   58    54001048.5605
 22   58    53984301.5615
 23   58    53974583.0636
 24   58    53962556.8377
 25   58    53958053.0047
 26   58    53951215.0988
 27   58    53953012.0089
 28   58    53952119.4150
 29   58    53960169.4350
 30   58    53969027.4171
 31   58    53987322.5712
 32   58    54002590.5723
 21   59    54937116.6215
 22   59    54921263.6225
 23   59    54908564.6086
 24   59    54897994.1347
 25   59    54889849.3057
 26   59    54884199.4628
 27   59    54882123.5089
 28   59    54882685.5110
 29   59    54886972.8980
 30   59    54895604.6761
 31   59    54908336.6322
 32   59    54925487.6333
 21   60    55874860.6825
 22   60    55856073.6835
 23   60    55844648.7286
 24   60    55830875.8097
 25   60    55823900.7487
 26   60    55814945.3128
 27   60    55814196.9689
 28   60    55810863.1570
 29   60    55816480.1400
 30   60    55820139.9601
 31   60    55834018.6932
 32   60    55845682.6943
 33   60    55867079.6953
 21   61    56811337.7435
 22   61    56793547.7445
 23   61    56778878.3166
 24   61    56766418.6577
 25   61    56756620.6257
 26   61    56748931.2548
 27   61    56744443.1269
 28   61    56742608.4290
 29   61    56744334.9180
 30   61    56749459.0621
 31   61    56758162.2122
 32   61    56771056.7553
 33   61    56786687.7563
 22   62    57728823.8055
 23   62    57715402.8066
 24   62    57699472.8467
 25   62    57691375.8087
 26   62    57680467.7618
 27   62    57677410.9869
 28   62    57671577.9490
 29   62    57675025.8470
 30   62    57676134.3021
 31   62    57684804.3692
 32   62    57694380.8163
 33   62    57711186.8173
 22   63    58667061.8665
 23   63    58650379.8676
 24   63    58636139.7547
 25   63    58624463.8167
 26   63    58615204.2498
 27   63    58608477.8729
 28   63    58604305.5520
 29   63    58603727.5760
 30   63    58606582.7641
 31   63    58611737.7842
 32   63    58620852.6613
 33   63    58633635.8783
 23   64    59587695.9286
 24   64    59569896.9297
 25   64    59559855.8967
 26   64    59547364.3878
 27   64    59542031.0449
 28   64    59534213.4560
 29   64    59535376.8410
 30   64    59534286.1471
 31   64    59540946.1862
 32   64    59544952.4423
 33   64    59559104.9393
 34   64    59571316.9404
 23   65    60523716.9896
 24   65    60506867.9907
 25   65    60493371.6537
 26   65    60482606.5008
 27   65    60474131.7959
 28   65    60467680.7530
 29   65    60465031.5390
 30   65    60465872.1991
 31   65    60468615.6702
 32   65    60474283.7833
 33   65    60483313.9493
 34   65    60496579.0014
 23   66    61461247.0506
 24   66    61441808.0517
 25   66    61429082.6657
 26   66    61415254.2138
 27   66    61408402.5219
 28   66    61398293.7710
 29   66    61397530.9870
 30   66    61394378.9961
 31   66    61399042.9972
 32   66    61400649.0273
 33   66    61409719.9843
 34   66    61419866.0624
 24   67    62379357.1127
 25   67    62364017.1137
 26   67    62350747.5848
 27   67    62340983.3409
 28   67    62332051.4370
 29   67    62327964.3390
 30   67    62326892.0521
 31   67    62327382.2242
 32   67    62331092.1173
 33   67    62336651.8973
 34   67    62346147.8344
 35   67    62359289.1245
 24   68    63314456.1737
 25   68    63300522.1748
 26   68    63284484.8268
 27   68    63275875.4559
 28   68    63263824.3640
 29   68    63261210.1450
 30   68    63256259.3341
 31   68    63258669.4352
 32   68    63258265.3933
 33   68    63265838.6643
 34   68    63270032.7434
 35   68    63285270.1855
 25   69    64235779.2357
 26   69    64220746.2368
 27   69    64209124.1529
 28   69    64198803.5910
 29   69    64192535.0280
 30   69    64189342.6421
 31   69    64187921.4432
 32   69    64189637.5893
 33   69    64193115.0813
 34   69    64199281.5394
 35   69    64209093.7755
 36   69    64222259.2475
 25   70    65172592.2967
 26   70    65154988.2978
 27   70    65143867.9459
 28   70    65131062.4400
 29   70    65126788.9290
 30   70    65119689.5931
 31   70    65119833.1722
 32   70    65117670.4693
 33   70    65123379.4703
 34   70    65125280.4154
 35   70    65135273.6875
 36   70    65145240.3085
 25   71    66108101.3577
 26   71    66091792.3588
 27   71    66077911.4349
 28   71    66066364.1330
 29   71    66058548.2360
 30   71    66053419.5881
 31   71    66050098.2672
 32   71    66049819.9083
 33   71    66051322.3093
 34   71    66055557.8604
 35   71    66061690.9505
 36   71    66071355.1645
 37   71    66084867.3706
 26   72    67026183.4198
 27   72    67013991.4209
 28   72    66999038.3610
 29   72    66992970.4250
 30   72    66984096.9381
 31   72    66983143.1692
 32   72    66978634.5253
 33   72    66982479.6293
 34   72    66982330.2484
 35   72    66990620.1085
 36   72    66995235.8555
 37   72    67010548.4316
 26   73    67963163.4808
 27   73    67948373.4819
 28   73    67934650.3310
 29   73    67925260.0470
 30   73    67918143.0831
 31   73    67913526.1512
 32   73    67911416.9643
 33   73    67911250.7393
 34   73    67913465.1014
 35   73    67917533.9055
 36   73    67924118.7415
 37   73    67934077.4926
 38   73    67947698.4937
 26   74    68898039.5418
 27   74    68884300.5429
 28   74    68867796.5440
 29   74    68859735.3400
 30   74    68849473.8341
 31   74    68846669.9302
 32   74    68840786.1063
 33   74    68842837.4943
 34   74    68840973.3484
 35   74    68847387.3025
 36   74    68849832.7185
 37   74    68859737.5686
 38   74    68870315.5547
 27   75    69819157.6039
 28   75    69803500.6050
 29   75    69792764.2650
 30   75    69784165.6991
 31   75    69777749.0282
 32   75    69773845.6443
 33   75    69772157.4203
 34   75    69772511.1304
 35   75    69775062.4945
 36   75    69779334.9905
 37   75    69785928.9206
 38   75    69796017.9217
 27   76    70755653.6649
 28   76    70737630.6660
 29   76    70727753.6820
 30   76    70715915.6521
 31   76    70711411.0302
 32   76    70703983.7813
 33   76    70704394.2993
 34   76    70700922.7224
 35   76    70705374.6045
 36   76    70706138.5375
 37   76    70714162.5946
 38   76    70719883.0387
 39   76    70735018.6778
 28   77    71673987.7270
 29   77    71661711.7280
 30   77    71650923.5341
 31   77    71643209.3862
 32   77    71637477.8693
 33   77    71634263.4133
 34   77    71633069.2484
 35   77    71633922.9295
 36   77    71636477.2935
 37   77    71641305.2456
 38   77    71647821.3017
 39   77    71658334.7388
 28   78    72608098.7880
 29   78    72597220.3210
 30   78    72583723.5561
 31   78    72576989.8412
 32   78    72568322.7393
 33   78    72566856.8323
 34   78    72562136.8854
 35   78    72565199.6705
 36   78    72563961.2195
 37   78    72570694.3796
 38   78    72573944.8577
 39   78    72584080.7998
 40   78    72594794.8008
 28   79    73546012.8490
 29   79    73531312.8500
 30   79    73519268.5571
 31   79    73509642.1742
 32   79    73502152.2593
 33   79    73497531.7853
 34   79    73494739.4304
 35   79    73494077.8015
 36   79    73495192.5805
 37   79    73498320.8736
 38   79    73503135.9707
 39   79    73509744.9718
 40   79    73520531.8618
 29   80    74468274.9110
 30   80    74452546.3001
 31   80    74444460.2462
 32   80    74433637.6093
 33   80    74430447.4553
 34   80    74424391.4394
 35   80    74425750.9035
 36   80    74423235.6055
 37   80    74428442.4526
 38   80    74429795.4407
 39   80    74438449.0188
 40   80    74443567.8798
 29   81    75404409.9720
 30   81    75389489.3101
 31   81    75377550.0202
 32   81    75368375.2893
 33   81    75361622.6623
 34   81    75357255.9704
 35   81    75355158.3275
 36   81    75354928.1655
 37   81    75356655.3176
 38   81    75360072.8567
 39   81    75365378.2568
 40   81    75372182.5928
 41   81    75383120.9849
 29   82    76342024.0330
 30   82    76324576.0341
 31   82    76313741.3172
 32   82    76300745.9703
 33   82    76295546.9483
 34   82    76287545.1194
 35   82    76287130.7625
 36   82    76283526.7225
 37   82    76287418.2386
 38   82    76287084.9967
 39   82    76294521.0818
 40   82    76298130.0448
 41   82    76309361.0459
 30   83    77261939.0951
 31   83    77248908.9742
 32   83    77236678.6633
 33   83    77227474.7763
 34   83    77221292.5324
 35   83    77217108.6995
 36   83    77215621.0705
 37   83    77216029.4736
 38   83    77217791.4987
 39   83    77221873.5808
 40   83    77227656.5928
 41   83    77234645.5939
 42   83    77245859.1080
 30   84    78197761.1561
 31   84    78185377.1572
 32   84    78171000.7313
 33   84    78162784.6003
 34   84    78152179.4394
 35   84    78149833.0775
 36   84    78144665.8271
 37   84    78146835.2036
 38   84    78145433.6097
 39   84    78151678.6898
 40   84    78153640.6338
 41   84    78163529.1679
 42   84    78169537.1690
 30   85    79135825.2171
 31   85    79121090.2182
 32   85    79107519.8003
 33   85    79096943.0773
 34   85    79087207.5864
 35   85    79080534.7545
 36   85    79077118.8935
 37   85    79075920.8945
 38   85    79076473.9497
 39   85    79079224.1038
 40   85    79083381.2028
 41   85    79089764.5539
 42   85    79098023.4780
 43   85    79108988.2310
 31   86    80058192.2792
 32   86    80042377.2803
 33   86    80032664.1393
 34   86    80020612.1164
 35   86    80014972.0325
 36   86    80006827.6197
 37   86    80006835.2756
 38   86    80004548.0877
 39   86    80009277.0888
 40   86    80010080.6368
 41   86    80018405.4109
 42   86    80022917.0470
 43   86    80035219.2920
 31   87    80994562.3402
 32   87    80979553.3413
 33   87    80967502.4363
 34   87    80956183.2194
 35   87    80948206.6685
 36   87    80940877.8245
 37   87    80936478.5566
 38   87    80935685.3147
 39   87    80937036.0058
 40   87    80940196.8168
 41   87    80945159.0519
 42   87    80951636.5440
 43   87    80960320.3090
 44   87    80971567.3541
 32   88    81914987.4023
 33   88    81903894.4033
 34   88    81890219.2094
 35   88    81882876.4475
 36   88    81873390.1215
 37   88    81869961.4136
 38   88    81864138.0577
 39   88    81867249.6588
 40   88    81867409.0818
 41   88    81874350.4249
 42   88    81877328.8700
 43   88    81887823.1000
 44   88    81894594.4151
 32   89    82852890.4633
 33   89    82839310.4643
 34   89    82826605.0754
 35   89    82816812.2045
 36   89    82808039.6835
 37   89    82802352.2296
 38   89    82797344.7197
 39   89    82795333.3198
 40   89    82797655.0818
 41   89    82801395.0779
 42   89    82806494.5400
 43   89    82813603.6270
 44   89    82822380.4761
 45   89    82833946.4772
 32   90    83788892.5243
 33   90    83776272.5253
 34   90    83761291.3094
 35   90    83752580.2305
 36   90    83741110.2785
 37   90    83736193.7996
 38   90    83729098.6137
 39   90    83728041.6718
 40   90    83725251.9748
 41   90    83730852.3119
 42   90    83732830.6490
 43   90    83741767.8500
 44   90    83747097.7451
 45   90    83759511.5382
 33   91    84712200.5863
 34   91    84698247.5874
 35   91    84686967.2955
 36   91    84676589.6255
 37   91    84669307.4646
 38   91    84662889.1857
 39   91    84659678.7158
 40   91    84657623.4358
 41   91    84658370.0199
 42   91    84662288.8840
 43   91    84668000.3440
 44   91    84675236.0801
 45   91    84684168.5992
 46   91    84696176.6003
 33   92    85649609.6473
 34   92    85633355.6484
 35   92    85623335.8445
 36   92    85610288.3315
 37   92    85603774.1276
 38   92    85595168.2607
 39   92    85592707.5998
 40   92    85588554.0248
 41   92    85590048.9109
 42   92    85589183.8300
 43   92    85596554.9660
 44   92    85600668.4581
 45   92    85611459.5732
 46   92    85618877.6613
 34   93    86570857.7094
 35   93    86558092.3725
 36   93    86546415.7175
 37   93    86537420.7596
 38   93    86529443.7987
 39   93    86524791.0588
 40   93    86521385.0328
 41   93    86520783.7329
 42   93    86520679.3980
 43   93    86523369.3620
 44   93    86529247.0081
 45   93    86536940.9212
 46   93    86546301.7223
 47   93    86558663.7233
 34   94    87506264.7704
 35   94    87494957.7715
 36   94    87480698.0015
 37   94    87472971.9846
 38   94    87462178.0267
 39   94    87458159.9338
 40   94    87452730.8758
 41   94    87453121.5709
 42   94    87450566.9360
 43   94    87454311.6850
 44   94    87455374.1901
 45   94    87464539.1692
 46   94    87470834.7363
 47   94    87484013.7843
 34   95    88444101.8314
 35   95    88430279.8325
 36   95    88417380.9215
 37   95    88407134.9536
 38   95    88397395.5847
 39   95    88390795.5178
 40   95    88385834.2808
 41   95    88384199.7819
 42   95    88382763.2160
 43   95    88383942.7350
 44   95    88385995.3451
 45   95    88390600.2372
 46   95    88398465.1793
 47   95    88408321.8453
 48   95    88420776.8464
 35   96    89367381.8935
 36   96    89351954.2165
 37   96    89343168.5346
 38   96    89331082.0417
 39   96    89325159.3048
 40   96    89317545.2888
 41   96    89316872.0729
 42   96    89313174.2740
 43   96    89315636.5170
 44   96    89314866.7801
 45   96    89320748.4352
 46   96    89323741.7463
 47   96    89334901.2713
 48   96    89343328.9074
 35   97    90302983.9545
 36   97    90289104.4645
 37   97    90277497.8356
 38   97    90266923.7437
 39   97    90258867.7798
 40   97    90251535.5428
 41   97    90248364.8729
 42   97    90245918.4030
 43   97    90245732.1120
 44   97    90246320.6611
 45   97    90249332.6622
 46   97    90253612.1243
 47   97    90260081.1253
 48   97    90269941.9684
 49   97    90282695.9695
 35   98    91240085.0155
 36   98    91223711.0165
 37   98    91213192.6846
 38   98    91200574.0427
 39   98    91194188.4298
 40   98    91184685.5068
 41   98    91181936.6569
 42   98    91176841.1810
 43   98    91178013.8990
 44   98    91175709.2601
 45   98    91180247.9142
 46   98    91181591.0523
 47   98    91189334.6133
 48   98    91194253.6144
 49   98    91207483.0305
 36   99    92160757.0775
 37   99    92147799.6756
 38   99    92135982.1377
 39   99    92127327.3788
 40   99    92119847.6558
 41   99    92114629.2879
 42   99    92110481.1140
 43   99    92108612.3090
 44   99    92107806.2481
 45   99    92109339.0932
 46   99    92112224.8493
 47   99    92117182.6163
 48   99    92123452.9684
 49   99    92131497.0915
 50   99    92144418.0926
 36   100   93095958.1385
 37   100   93083952.1396
 38   100   93070157.9947
 39   100   93062143.8118
 40   100   93052584.1718
 41   100   93048651.8099
 42   100   93041754.6650
 43   100   93041413.2870
 44   100   93037698.3011
 45   100   93040822.9312
 46   100   93040672.9243
 47   100   93047251.1913
 48   100   93050683.5554
 49   100   93060054.1805
 50   100   93066573.1815
 36   101   94033376.1995
 37   101   94019181.2006
 38   101   94005920.2087
 39   101   93995904.2098
 40   101   93987289.4538
 41   101   93981061.2149
 42   101   93975921.8030
 43   101   93972586.1500
 44   101   93970461.6311
 45   101   93970494.3832
 46   101   93971963.5533
 47   101   93975548.8383
 48   101   93980535.7574
 49   101   93987247.2135
 50   101   93995044.5895
 37   102   94955780.2616
 38   102   94940617.8967
 39   102   94931291.8978
 40   102   94920360.5028
 41   102   94915132.6669
 42   102   94907361.8050
 43   102   94905850.6790
 44   102   94900807.3691
 45   102   94902618.8422
 46   102   94900957.2753
 47   102   94906130.7383
 48   102   94908206.7394
 49   102   94916661.5295
 50   102   94921910.5305
 37   103   95891373.3226
 38   103   95877048.3237
 39   103   95865501.5598
 40   103   95855626.8798
 41   103   95847912.2279
 42   103   95841459.5450
 43   103   95837313.4400
 44   103   95834140.6931
 45   103   95832865.2792
 46   103   95832897.3003
 47   103   95835071.0433
 48   103   95838708.3394
 49   103   95844219.8205
 50   103   95851368.8215
 51   103   95861649.3376
 38   104   96811858.3847
 39   104   96801389.3858
 40   104   96789212.1568
 41   104   96782606.2059
 42   104   96773564.4760
 43   104   96770902.2050
 44   104   96764804.6571
 45   104   96765431.7002
 46   104   96762481.4173
 47   104   96766249.0723
 48   104   96766886.1594
 49   104   96774160.7325
 50   104   96778205.3566
 51   104   96790150.8546
 38   105   97748848.4457
 39   105   97736125.4468
 40   105   97724965.4858
 41   105   97716013.5369
 42   105   97708071.2150
 43   105   97702610.5040
 44   105   97698459.9371
 45   105   97696030.9032
 46   105   97694952.6953
 47   105   97695788.6273
 48   105   97698014.6194
 49   105   97702196.8865
 50   105   97707988.4725
 51   105   97716799.3696
 52   105   97727492.9507
 38   106   98684162.5067
 39   106   98672388.5078
 40   106   98659022.5088
 41   106   98651219.8269
 42   106   98640767.6920
 43   106   98636622.1280
 44   106   98629564.1291
 45   106   98629013.7262
 46   106   98624957.1113
 47   106   98627411.2543
 48   106   98626710.5024
 49   106   98632723.5065
 50   106   98635466.8395
 51   106   98645836.2296
 52   106   98653579.8337
 38   107   99621546.5677
 39   107   99607571.5688
 40   107   99595155.5698
 41   107   99585193.4709
 42   107   99575844.6640
 43   107   99569143.6710
 44   107   99563520.0741
 45   107   99560005.7202
 46   107   99557986.0593
 47   107   99557440.9823
 48   107   99558346.3304
 49   107   99561261.3315
 50   107   99565802.3535
 51   107   99573150.3596
 52   107   99582756.2537
 53   107   99593207.5838
 39   108   100544132.629
 40   108   100529565.630
 41   108   100520861.666
 42   108   100509134.285
 43   108   100503464.889
 44   108   100495215.317
 45   108   100493331.716
 46   108   100488328.276
 47   108   100489734.950
 48   108   100487578.088
 49   108   100492199.699
 50   108   100493738.698
 51   108   100502852.312
 52   108   100509004.972
 53   108   100521629.115
 39   109   101479723.690
 40   109   101466219.691
 41   109   101455281.761
 42   109   101444718.229
 43   109   101436598.970
 44   109   101429632.345
 45   109   101424857.772
 46   109   101421740.066
 47   109   101420115.816
 48   109   101419820.337
 49   109   101421325.770
 50   109   101424671.788
 51   109   101430540.649
 52   109   101438565.314
 53   109   101448096.522
 54   109   101459089.079
 40   110   102401020.752
 41   110   102391259.753
 42   110   102378335.643
 43   110   102371341.315
 44   110   102361792.182
 45   110   102358522.780
 46   110   102352509.232
 47   110   102352871.999
 48   110   102349469.996
 49   110   102352836.997
 50   110   102352954.780
 51   110   102360836.031
 52   110   102365544.942
 53   110   102376799.591
 54   110   102384834.181
 40   111   103337840.813
 41   111   103326014.814
 42   111   103314441.142
 43   111   103304845.282
 44   111   103296573.634
 45   111   103290541.161
 46   111   103286348.310
 47   111   103283607.542
 48   111   103282059.743
 49   111   103282410.922
 50   111   103284351.306
 51   111   103288943.089
 52   111   103295681.349
 53   111   103303804.019
 54   111   103313854.291
 40   112   104273084.874
 41   112   104262109.875
 42   112   104248408.877
 43   112   104240106.823
 44   112   104229222.168
 45   112   104224606.995
 46   112   104217507.051
 47   112   104216734.165
 48   112   104212231.078
 49   112   104214304.813
 50   112   104213128.895
 51   112   104219674.922
 52   112   104223195.379
 53   112   104233188.559
 54   112   104239714.468
 55   112   104252942.610
 41   113   105197366.936
 42   113   105184597.938
 43   113   105174044.400
 44   113   105164474.588
 45   113   105157066.196
 46   113   105151731.641
 47   113   105147785.154
 48   113   105145257.693
 49   113   105144424.124
 50   113   105144950.706
 51   113   105148350.871
 52   113   105153909.919
 53   113   105160626.442
 54   113   105169031.318
 55   113   105178960.032
 41   114   106133984.997
 42   114   106119053.999
 43   114   106109582.000
 44   114   106097616.979
 45   114   106091614.581
 46   114   106083325.849
 47   114   106081375.205
 48   114   106075780.163
 49   114   106076715.609
 50   114   106074215.671
 51   114   106079766.363
 52   114   106081862.440
 53   114   106090444.010
 54   114   106095643.122
 55   114   106107535.752
 56   114   106115747.509
 41   115   107069512.058
 42   115   107055606.060
 43   115   107043936.061
 44   115   107033029.225
 45   115   107024592.787
 46   115   107017884.481
 47   115   107012817.404
 48   115   107009204.677
 49   115   107007241.724
 50   115   107006233.235
 51   115   107008752.666
 52   115   107013182.311
 53   115   107018396.275
 54   115   107025566.325
 55   115   107034013.073
 56   115   107044176.075
 42   116   107990349.121
 43   116   107979882.122
 44   116   107966758.216
 45   116   107959577.099
 46   116   107949973.276
 47   116   107946751.473
 48   116   107940070.571
 49   116   107940022.382
 50   116   107936235.134
 51   116   107940428.476
 52   116   107941470.170
 53   116   107948735.896
 54   116   107952670.410
 55   116   107963143.134
 56   116   107969998.136
 57   116   107983482.137
 42   117   108927173.182
 43   117   108914450.183
 44   117   108902801.512
 45   117   108892912.596
 46   117   108884874.501
 47   117   108878606.137
 48   117   108873858.723
 49   117   108870823.116
 50   117   108868857.408
 51   117   108870104.627
 52   117   108873137.767
 53   117   108877286.114
 54   117   108883025.858
 55   117   108890207.104
 56   117   108898567.510
 57   117   108909090.198
 43   118   109850536.244
 44   118   109836556.245
 45   118   109828416.568
 46   118   109817404.364
 47   118   109812728.457
 48   118   109805069.529
 49   118   109804032.000
 50   118   109799096.365
 51   118   109802242.006
 52   118   109802030.473
 53   118   109808245.206
 54   118   109810626.199
 55   118   109819784.889
 56   118   109825329.258
 57   118   109837551.259
 43   119   110785449.305
 44   119   110772745.306
 45   119   110761975.515
 46   119   110752879.186
 47   119   110745130.538
 48   119   110739288.193
 49   119   110735054.811
 50   119   110732178.249
 51   119   110732258.096
 52   119   110734040.097
 53   119   110736944.785
 54   119   110741404.904
 55   119   110747383.266
 56   119   110754587.233
 57   119   110763699.320
 58   119   110774105.321
 43   120   111721796.366
 44   120   111706791.367
 45   120   111697477.368
 46   120   111685501.161
 47   120   111679618.869
 48   120   111670802.017
 49   120   111668519.781
 50   120   111662638.782
 51   120   111664808.391
 52   120   111663347.189
 53   120   111668451.190
 54   120   111669520.954
 55   120   111677293.740
 56   120   111681782.742
 57   120   111692473.381
 58   120   111699851.382
 44   121   112643250.428
 45   121   112631356.429
 46   121   112621093.103
 47   121   112612361.611
 48   121   112605179.607
 49   121   112599906.250
 50   121   112596033.948
 51   121   112595121.860
 52   121   112595665.167
 53   121   112597446.797
 54   121   112600706.453
 55   121   112605574.108
 56   121   112611420.605
 57   121   112619384.442
 58   121   112628374.443
 59   121   112639013.444
 44   122   113577380.489
 45   122   113567107.490
 46   122   113554153.332
 47   122   113547152.384
 48   122   113537135.120
 49   122   113533663.540
 50   122   113526783.950
 51   122   113527880.872
 52   122   113525389.057
 53   122   113529112.058
 54   122   113529326.523
 55   122   113536025.741
 56   122   113539050.558
 57   122   113548605.503
 58   122   113554763.504
 59   122   113567181.505
 44   123   114513923.550
 45   123   114501265.551
 46   123   114489846.552
 47   123   114480204.475
 48   123   114471827.373
 49   123   114465300.101
 50   123   114460403.165
 51   123   114458483.732
 52   123   114458025.422
 53   123   114458742.848
 54   123   114460926.866
 55   123   114464620.916
 56   123   114469498.611
 57   123   114475991.564
 58   123   114483845.565
 59   123   114493282.566
 44   124   115448360.611
 45   124   115437100.612
 46   124   115423203.613
 47   124   115415046.481
 48   124   115404033.944
 49   124   115399354.399
 50   124   115391479.380
 51   124   115391581.614
 52   124   115388166.317
 53   124   115390814.905
 54   124   115390008.569
 55   124   115395427.288
 56   124   115397557.849
 57   124   115405878.015
 58   124   115410709.626
 59   124   115421963.627
 60   124   115430078.628
 45   125   116371556.673
 46   125   116359029.674
 47   125   116348510.438
 48   125   116338881.582
 49   125   116331241.837
 50   125   116325311.258
 51   125   116322440.424
 52   125   116321162.725
 53   125   116320837.496
 54   125   116321970.670
 55   125   116324564.843
 56   125   116328472.720
 57   125   116333871.202
 58   125   116340461.687
 59   125   116348576.688
 60   125   116358498.689
 45   126   117307493.734
 46   126   117292730.735
 47   126   117283454.736
 48   126   117271466.935
 49   126   117265439.809
 50   126   117256686.453
 51   126   117255797.454
 52   126   117251614.411
 53   126   117253257.440
 54   126   117251512.177
 55   126   117255796.290
 56   126   117256965.844
 57   126   117264151.279
 58   126   117267793.190
 59   126   117277778.749
 60   126   117284598.750
 61   126   117297883.751
 46   127   118228798.796
 47   127   118217146.797
 48   127   118206727.284
 49   127   118197808.501
 50   127   118190724.570
 51   127   118186985.324
 52   127   118184892.143
 53   127   118183678.908
 54   127   118183830.258
 55   127   118185400.654
 56   127   118188311.863
 57   127   118192722.700
 58   127   118198128.473
 59   127   118205053.810
 60   127   118213549.811
 61   127   118223788.812
 46   128   119162863.857
 47   128   119152320.858
 48   128   119139469.969
 49   128   119132054.910
 50   128   119122327.840
 51   128   119120548.560
 52   128   119115674.118
 53   128   119116418.155
 54   128   119113785.587
 55   128   119117203.302
 56   128   119117244.961
 57   128   119123487.439
 58   128   119126067.953
 59   128   119134760.115
 60   128   119140265.872
 61   128   119152282.873
 62   128   119160825.874
 47   129   120086506.919
 48   129   120074696.920
 49   129   120064857.029
 50   129   120056576.820
 51   129   120052043.586
 52   129   120049157.087
 53   129   120047143.783
 54   129   120046443.870
 55   129   120047129.675
 56   129   120049054.641
 57   129   120052282.317
 58   129   120056808.435
 59   129   120062811.374
 60   129   120069758.933
 61   129   120078681.934
 62   129   120088910.935
 47   130   121024290.980
 48   130   121008166.120
 49   130   120999305.121
 50   130   120988545.122
 51   130   120985880.718
 52   130   120980303.038
 53   130   120980208.831
 54   130   120976753.525
 55   130   120979223.245
 56   130   120978350.256
 57   130   120983473.626
 58   130   120985167.087
 59   130   120992903.536
 60   130   120996971.762
 61   130   121007660.995
 62   130   121015039.996
 63   130   121028210.997
 48   131   121945863.042
 49   131   121932657.461
 50   131   121922899.916
 51   131   121917679.139
 52   131   121913939.036
 53   131   121911196.263
 54   131   121909714.417
 55   131   121909558.170
 56   131   121910422.129
 57   131   121912825.796
 58   131   121916375.614
 59   131   121921272.398
 60   131   121927294.022
 61   131   121934628.056
 62   131   121943907.057
 63   131   121954259.058
 48   132   122882425.103
 49   132   122869768.192
 50   132   122855122.193
 51   132   122851519.533
 52   132   122845455.922
 53   132   122844429.618
 54   132   122840343.146
 55   132   122841954.862
 56   132   122840165.122
 57   132   122844365.481
 58   132   122845107.151
 59   132   122851853.632
 60   132   122855130.309
 61   132   122864417.117
 62   132   122870455.118
 63   132   122882798.119
 48   133   123820262.164
 49   133   123806207.165
 50   133   123792285.958
 51   133   123783726.660
 52   133   123779206.108
 53   133   123775740.598
 54   133   123773472.599
 55   133   123772534.240
 56   133   123772540.585
 57   133   123774088.791
 58   133   123776653.961
 59   133   123780623.596
 60   133   123785717.805
 61   133   123792131.532
 62   133   123799797.179
 63   133   123809281.180
 64   133   123819985.181
 49   134   124743504.226
 50   134   124728221.998
 51   134   124720122.687
 52   134   124711096.233
 53   134   124709062.128
 54   134   124704485.928
 55   134   124705208.078
 56   134   124702638.179
 57   134   124705858.585
 58   134   124705733.347
 59   134   124711527.246
 60   134   124713897.806
 61   134   124722294.488
 62   134   124727146.240
 63   134   124738083.241
 64   134   124746198.242
 49   135   125680131.287
 50   135   125665516.045
 51   135   125655947.664
 52   135   125647398.431
 53   135   125640826.332
 54   135   125637687.526
 55   135   125636011.478
 56   135   125635231.582
 57   135   125635927.788
 58   135   125637443.941
 59   135   125640613.438
 60   135   125644824.690
 61   135   125650500.375
 62   135   125657159.086
 63   135   125665357.302
 64   135   125674701.303
 65   135   125685658.304
 50   136   126601743.349
 51   136   126592621.552
 52   136   126582194.547
 53   136   126576563.874
 54   136   126569169.201
 55   136   126568748.440
 56   136   126565689.218
 57   136   126568027.879
 58   136   126567045.770
 59   136   126571702.933
 60   136   126573333.074
 61   136   126580840.861
 62   136   126584699.473
 63   136   126594755.363
 64   136   126601398.364
 65   136   126613919.365
 50   137   127539348.410
 51   137   127528595.280
 52   137   127518810.190
 53   137   127511247.162
 54   137   127504709.018
 55   137   127500035.591
 56   137   127498348.964
 57   137   127498418.514
 58   137   127499129.615
 59   137   127501335.584
 60   137   127504441.855
 61   137   127509442.575
 62   137   127514977.898
 63   137   127522374.424
 64   137   127530768.425
 65   137   127540504.426
 50   138   128475769.471
 51   138   128465580.472
 52   138   128453912.275
 53   138   128447117.582
 54   138   128438614.244
 55   138   128435188.428
 56   138   128429302.622
 57   138   128430531.584
 58   138   128428973.744
 59   138   128432899.745
 60   138   128433502.173
 61   138   128440069.000
 62   138   128443000.722
 63   138   128452237.816
 64   138   128457819.486
 65   138   128469297.487
 66   138   128477523.488
 51   139   129401825.533
 52   139   129390897.463
 53   139   129382132.508
 54   139   129374435.961
 55   139   129368868.397
 56   139   129364144.570
 57   139   129361318.955
 58   139   129361086.337
 59   139   129362704.409
 60   139   129364999.895
 61   139   129369002.936
 62   139   129373612.327
 63   139   129380083.505
 64   139   129387338.547
 65   139   129396329.548
 66   139   129406306.549
 51   140   130339168.594
 52   140   130326239.874
 53   140   130318489.706
 54   140   130308588.146
 55   140   130304013.268
 56   140   130297282.374
 57   140   130295723.356
 58   140   130291451.424
 59   140   130294328.425
 60   140   130294254.832
 61   140   130299789.033
 62   140   130302030.672
 63   140   130309989.673
 64   140   130314682.337
 65   140   130325471.338
 66   140   130332612.610
 67   140   130345672.611
 52   141   131263603.656
 53   141   131253675.657
 54   141   131244871.360
 55   141   131238080.514
 56   141   131232313.880
 57   141   131228601.053
 58   141   131225588.661
 59   141   131224497.242
 60   141   131225809.257
 61   141   131228968.746
 62   141   131233046.801
 63   141   131238544.048
 64   141   131244734.445
 65   141   131252906.833
 66   141   131261554.671
 67   141   131272061.672
 52   142   132199214.717
 53   142   132190303.734
 54   142   132179333.080
 55   142   132173533.890
 56   142   132165697.988
 57   142   132163005.902
 58   142   132157985.993
 59   142   132158219.474
 60   142   132155546.840
 61   142   132159843.668
 62   142   132161488.122
 63   142   132168650.123
 64   142   132172493.215
 65   142   132182382.216
 66   142   132188310.732
 67   142   132200669.733
 68   142   132209556.734
 52   143   133136800.778
 53   143   133125940.779
 54   143   133115853.907
 55   143   133107872.115
 56   143   133101097.720
 57   143   133096352.354
 58   143   133092406.570
 59   143   133090433.755
 60   143   133088988.648
 61   143   133089519.313
 62   143   133092452.086
 63   143   133097216.490
 64   143   133102715.491
 65   143   133110016.609
 66   143   133117755.852
 67   143   133127365.794
 68   143   133137809.795
 53   144   134062781.840
 54   144   134050678.549
 55   144   134043769.335
 56   144   134034761.764
 57   144   134031168.193
 58   144   134025075.077
 59   144   134024245.432
 60   144   134020736.993
 61   144   134022557.917
 62   144   134021497.401
 63   144   134027332.752
 64   144   134030681.349
 65   144   134039561.672
 66   144   134044848.772
 67   144   134056298.342
 68   144   134063788.856
 69   144   134077793.857
 53   145   134998616.901
 54   145   134987551.573
 55   145   134978478.096
 56   145   134970506.729
 57   145   134964676.591
 58   145   134959933.963
 59   145   134956864.084
 60   145   134954547.072
 61   145   134954200.588
 62   145   134954305.682
 63   145   134956454.369
 64   145   134961010.876
 65   145   134967121.985
 66   145   134974670.317
 67   145   134983281.811
 68   145   134992814.917
 69   145   135003796.918
 54   146   135922584.021
 55   146   135914459.011
 56   146   135904576.663
 57   146   135899959.136
 58   146   135892859.902
 59   146   135891303.243
 60   146   135886547.219
 61   146   135887507.765
 62   146   135885454.766
 63   146   135888822.553
 64   146   135889343.442
 65   146   135897154.566
 66   146   135901852.059
 67   146   135912657.759
 68   146   135919062.966
 69   146   135931981.979
 54   147   136859426.024
 55   147   136849503.820
 56   147   136840746.998
 57   147   136833821.638
 58   147   136827975.147
 59   147   136824034.019
 60   147   136820820.400
 61   147   136819414.098
 62   147   136818679.025
 63   147   136819889.635
 64   147   136821566.460
 65   147   136825669.527
 66   147   136831705.000
 67   147   136839632.946
 68   147   136848271.233
 69   147   136858393.640
 54   148   137794525.085
 55   148   137785719.606
 56   148   137774911.353
 57   148   137769285.354
 58   148   137761084.710
 59   148   137758436.731
 60   148   137753053.283
 61   148   137753085.020
 62   148   137750103.029
 63   148   137752628.717
 64   148   137752147.775
 65   148   137757374.817
 66   148   137759541.882
 67   148   137768892.942
 68   148   137774894.112
 69   148   137787097.074
 70   148   137795152.103
 55   149   138720748.147
 56   149   138710978.149
 57   149   138703268.237
 58   149   138696307.238
 59   149   138691426.787
 60   149   138687579.874
 61   149   138685380.475
 62   149   138683798.058
 63   149   138683981.675
 64   149   138684784.413
 65   149   138687911.300
 66   149   138691189.751
 67   149   138696715.722
 68   149   138704125.546
 69   149   138713473.162
 70   149   138723647.164
 55   150   139657189.208
 56   150   139645239.210
 57   150   139638599.211
 58   150   139629624.365
 59   150   139625659.815
 60   150   139619770.134
 61   150   139619341.751
 62   150   139615376.752
 63   150   139617124.394
 64   150   139615641.616
 65   150   139619788.570
 66   150   139621073.792
 67   150   139627926.388
 68   150   139631529.946
 69   150   139642359.223
 70   150   139649701.225
 71   150   139663188.226
 55   151   140592641.269
 56   151   140581595.271
 57   151   140572747.272
 58   151   140564740.222
 59   151   140558674.803
 60   151   140554000.961
 61   151   140551046.887
 62   151   140549345.678
 63   151   140548758.303
 64   151   140548711.324
 65   151   140550765.333
 66   151   140553125.166
 67   151   140557743.700
 68   151   140562588.999
 69   151   140569566.567
 70   151   140578290.980
 71   151   140589214.287
 56   152   141516387.332
 57   152   141508433.333
 58   152   141498402.334
 59   152   141493190.272
 60   152   141486288.587
 61   152   141484672.804
 62   152   141480653.370
 63   152   141482016.968
 64   152   141479687.050
 65   152   141483166.051
 66   152   141483253.398
 67   152   141489261.308
 68   152   141491855.409
 69   152   141500067.771
 70   152   141505006.666
 71   152   141517394.348
 56   153   142453051.393
 57   153   142443225.394
 58   153   142433930.395
 59   153   142426873.939
 60   153   142420601.127
 61   153   142416772.806
 62   153   142414350.348
 63   153   142413032.073
 64   153   142413005.473
 65   153   142414063.460
 66   153   142415722.819
 67   153   142419342.112
 68   153   142423371.225
 69   153   142429343.108
 70   153   142435613.408
 71   153   142443887.264
 72   153   142454497.410
 57   154   143379199.455
 58   154   143368097.456
 59   154   143361742.059
 60   154   143353741.060
 61   154   143350423.132
 62   154   143345948.933
 63   154   143346155.278
 64   154   143343676.124
 65   154   143346714.776
 66   154   143345965.790
 67   154   143351209.148
 68   154   143352732.539
 69   154   143360399.304
 70   154   143364383.344
 71   154   143374089.470
 72   154   143380560.471
 57   155   144314270.516
 58   155   144304016.517
 59   155   144296015.271
 60   155   144288635.817
 61   155   144283468.612
 62   155   144279707.351
 63   155   144277569.366
 64   155   144276806.273
 65   155   144277115.058
 66   155   144278698.559
 67   155   144281303.373
 68   155   144284622.549
 69   155   144289694.692
 70   155   144295306.843
 71   155   144302748.444
 72   155   144310424.532
 73   155   144320285.533
 58   156   145238565.578
 59   156   145231356.579
 60   156   145221939.960
 61   156   145217738.961
 62   156   145212028.876
 63   156   145210795.435
 64   156   145207835.302
 65   156   145209768.488
 66   156   145208819.251
 67   156   145213358.252
 68   156   145214115.204
 69   156   145220985.606
 70   156   145224045.141
 71   156   145233042.668
 72   156   145238414.317
 73   156   145249716.594
 58   157   146174921.639
 59   157   146165878.640
 60   157   146157446.121
 61   157   146151099.621
 62   157   146146208.090
 63   157   146142916.347
 64   157   146141040.823
 65   157   146140589.868
 66   157   146141418.014
 67   157   146143500.078
 68   157   146146430.232
 69   157   146150572.476
 70   157   146155372.139
 71   157   146161829.943
 72   157   146168872.654
 73   157   146177620.946
 74   157   146187043.656
 59   158   147101582.701
 60   158   147091346.702
 61   158   147085801.516
 62   158   147079129.484
 63   158   147076613.540
 64   158   147072668.814
 65   158   147073376.767
 66   158   147071929.549
 67   158   147075638.306
 68   158   147076009.902
 69   158   147082099.517
 70   158   147084281.490
 71   158   147092568.414
 72   158   147097167.204
 73   158   147107591.716
 74   158   147114552.717
 59   159   148036318.762
 60   159   148027088.763
 61   159   148019830.505
 62   159   148013666.012
 63   159   148009319.905
 64   159   148006290.985
 65   159   148004809.128
 66   159   148004663.506
 67   159   148005990.107
 68   159   148008247.608
 69   159   148011726.375
 70   159   148015947.016
 71   159   148021566.171
 72   159   148027911.018
 73   159   148035808.510
 74   159   148044254.778
 75   159   148054493.779
 60   160   148961255.824
 61   160   148954876.825
 62   160   148947133.056
 63   160   148943376.386
 64   160   148938404.902
 65   160   148937999.297
 66   160   148935652.407
 67   160   148938431.408
 68   160   148938237.604
 69   160   148943488.805
 70   160   148945114.934
 71   160   148952498.899
 72   160   148956326.566
 73   160   148965872.685
 74   160   148971858.925
 75   160   148983793.840
 60   161   149897295.885
 61   161   149889137.886
 62   161   149882189.950
 63   161   149876559.387
 64   161   149872334.880
 65   161   149869868.068
 66   161   149868763.398
 67   161   149869110.356
 68   161   149870595.598
 69   161   149873386.186
 70   161   149876934.768
 71   161   149881700.553
 72   161   149887436.498
 73   161   149894539.433
 74   161   149902173.900
 75   161   149911328.240
 76   161   149921487.902
 61   162   150824496.947
 62   162   150815825.948
 63   162   150811150.359
 64   162   150805054.360
 65   162   150803148.302
 66   162   150800131.782
 67   162   150801760.147
 68   162   150800956.743
 69   162   150805302.472
 70   162   150806441.455
 71   162   150812925.205
 72   162   150816076.897
 73   162   150824954.655
 74   162   150830223.631
 75   162   150841211.962
 76   162   150848698.963
 61   163   151759112.008
 62   163   151751130.009
 63   163   151744700.146
 64   163   151739514.147
 65   163   151735722.243
 66   163   151733426.152
 67   163   151732917.708
 68   163   151733617.438
 69   163   151735545.439
 70   163   151738462.768
 71   163   151742459.610
 72   163   151747476.047
 73   163   151753694.313
 74   163   151760809.671
 75   163   151769199.581
 76   163   151778311.024
 62   164   152685242.070
 63   164   152679499.071
 64   164   152672548.072
 65   164   152669734.413
 66   164   152665333.414
 67   164   152665808.308
 68   164   152664336.490
 69   164   152667863.353
 70   164   152668238.504
 71   164   152674102.710
 72   164   152676415.857
 73   164   152684440.282
 74   164   152688984.205
 75   164   152699178.110
 76   164   152705717.442
 77   164   152718142.086
 62   165   153621030.131
 63   165   153613641.132
 64   165   153607330.133
 65   165   153602739.134
 66   165   153599182.835
 67   165   153597384.864
 68   165   153597251.736
 69   165   153598332.329
 70   165   153600454.759
 71   165   153603796.900
 72   165   153608092.635
 73   165   153613369.542
 74   165   153619844.949
 75   165   153627551.471
 76   165   153635889.146
 77   165   153645530.147
 63   166   154548892.193
 64   166   154540780.194
 65   166   154536915.712
 66   166   154531704.713
 67   166   154530706.602
 68   166   154528340.629
 69   166   154530867.297
 70   166   154530648.926
 71   166   154535712.221
 72   166   154537363.220
 73   166   154544613.429
 74   166   154548312.047
 75   166   154557795.617
 76   166   154563741.413
 77   166   154575313.208
 78   166   154583364.209
 63   167   155483432.254
 64   167   155475991.255
 65   167   155470366.256
 66   167   155465851.218
 67   167   155462990.219
 68   167   155461469.543
 69   167   155461705.206
 70   167   155463147.361
 71   167   155465726.138
 72   167   155469248.508
 73   167   155473854.206
 74   167   155479594.985
 75   167   155486340.267
 76   167   155494170.117
 77   167   155503083.552
 78   167   155512845.270
 64   168   156409935.316
 65   168   156405064.317
 66   168   156398716.339
 67   168   156396704.610
 68   168   156393263.611
 69   168   156394429.973
 70   168   156393650.884
 71   168   156397653.936
 72   168   156398849.773
 73   168   156405305.418
 74   168   156408295.474
 75   168   156416882.443
 76   168   156422179.442
 77   168   156432938.488
 78   168   156440086.254
 64   169   157345639.377
 65   169   157338952.378
 66   169   157333172.792
 67   169   157329461.793
 68   169   157326825.739
 69   169   157325961.741
 70   169   157326349.283
 71   169   157328131.284
 72   169   157330987.497
 73   169   157334902.957
 74   169   157339764.672
 75   169   157345762.224
 76   169   157352937.459
 77   169   157361071.575
 78   169   157370125.392
 79   169   157380339.393
 65   170   158274051.439
 66   170   158266601.440
 67   170   158263514.347
 68   170   158259133.348
 69   170   158258935.148
 70   170   158257455.716
 71   170   158260402.412
 72   170   158260944.593
 73   170   158266549.783
 74   170   158268885.978
 75   170   158276747.697
 76   170   158281228.000
 77   170   158291283.452
 78   170   158297827.903
 79   170   158309869.454
 65   171   159208237.500
 66   171   159201569.501
 67   171   159196728.111
 68   171   159193017.112
 69   171   159191014.036
 70   171   159190406.477
 71   171   159191373.528
 72   171   159193261.163
 73   171   159196461.236
 74   171   159200584.420
 75   171   159205909.231
 76   171   159212345.285
 77   171   159219720.578
 78   171   159228156.575
 79   171   159237547.864
 80   171   159247892.516
 66   172   160135243.562
 67   172   160131257.563
 68   172   160125746.499
 69   172   160124344.677
 70   172   160121952.388
 71   172   160123959.433
 72   172   160123784.344
 73   172   160128345.593
 74   172   160130067.385
 75   172   160137127.258
 76   172   160140898.944
 77   172   160150252.205
 78   172   160156023.095
 79   172   160167240.874
 80   172   160174989.138
 66   173   161070807.623
 67   173   161064884.624
 68   173   161060070.625
 69   173   161056959.186
 70   173   161055150.399
 71   173   161055309.044
 72   173   161056268.846
 73   173   161058773.093
 74   173   161061931.249
 75   173   161066593.768
 76   173   161072198.461
 77   173   161078857.330
 78   173   161086671.486
 79   173   161095287.141
 80   173   161104882.638
 67   174   162000039.685
 68   174   161993269.686
 69   174   161990842.140
 70   174   161987251.142
 71   174   161988113.554
 72   174   161987328.032
 73   174   161990922.926
 74   174   161991925.605
 75   174   161997968.598
 76   174   162001135.610
 77   174   162009750.958
 78   174   162014790.251
 79   174   162025361.698
 80   174   162032440.255
 67   175   162934020.746
 68   175   162928060.747
 69   175   162923890.163
 70   175   162920994.165
 71   175   162920012.198
 72   175   162920184.911
 73   175   162921749.106
 74   175   162924013.959
 75   175   162927847.448
 76   175   162932519.574
 77   175   162938719.315
 78   175   162945902.579
 79   175   162953676.280
 80   175   162962607.868
 68   176   163861575.808
 69   176   163858326.114
 70   176   163853695.116
 71   176   163853289.593
 72   176   163851584.371
 73   176   163854286.440
 74   176   163854499.212
 75   176   163859566.931
 76   176   163862020.877
 77   176   163869748.374
 78   176   163874163.090
 79   176   163884189.216
 80   176   163890301.541
 81   176   163902145.100
 68   177   164796842.869
 69   177   164791720.870
 70   177   164787694.094
 71   177   164785782.071
 72   177   164784773.833
 73   177   164785428.834
 74   177   164786933.151
 75   177   164789854.707
 76   177   164793663.631
 77   177   164799054.458
 78   177   164805220.444
 79   177   164812534.834
 80   177   164820786.288
 81   177   164829733.222
 69   178   165726567.931
 70   178   165720479.074
 71   178   165719322.152
 72   178   165716713.257
 73   178   165718038.936
 74   178   165717719.559
 75   178   165721964.485
 76   178   165723562.973
 77   178   165730344.056
 78   178   165734087.678
 79   178   165743247.820
 80   178   165748746.679
 81   178   165759757.944
 82   178   165767609.725
 69   179   166660576.992
 70   179   166655129.994
 71   179   166652095.077
 72   179   166650179.644
 73   179   166649774.223
 74   179   166650325.582
 75   179   166652527.174
 76   179   166655581.702
 77   179   166660010.693
 78   179   166665311.075
 79   179   166672079.423
 80   179   166679632.997
 81   179   166687765.672
 82   179   166697585.329
 70   180   167588561.055
 71   180   167585971.262
 72   180   167582357.263
 73   180   167582691.865
 74   180   167581478.494
 75   180   167584768.701
 76   180   167585733.111
 77   180   167591606.536
 78   180   167594637.552
 79   180   167602967.773
 80   180   167607800.698
 81   180   167618277.778
 82   180   167625099.278
 70   181   168523567.116
 71   181   168519346.707
 72   181   168516227.841
 73   181   168514680.490
 74   181   168514357.666
 75   181   168515579.143
 76   181   168518039.159
 77   181   168521606.490
 78   181   168526192.749
 79   181   168532184.937
 80   181   168538884.004
 81   181   168546235.380
 82   181   168555405.707
 71   182   169453758.178
 72   182   169449075.220
 73   182   169448182.931
 74   182   169445857.467
 75   182   169448146.468
 76   182   169448474.110
 77   182   169453520.506
 78   182   169455892.972
 79   182   169463249.418
 80   182   169467462.470
 81   182   169477220.082
 82   182   169483191.635
 71   183   170387416.129
 72   183   170383335.128
 73   183   170380814.129
 74   183   170379232.030
 75   183   170379277.031
 76   183   170380913.202
 77   183   170383862.934
 78   183   170387782.899
 79   183   170392855.118
 80   183   170398728.717
 81   183   170405434.986
 82   183   170413940.158
 71   184   171322214.300
 72   184   171316613.744
 73   184   171314762.745
 74   184   171311385.746
 75   184   171312357.586
 76   184   171311814.662
 77   184   171315949.455
 78   184   171317710.475
 79   184   171324219.598
 80   184   171327678.631
 81   184   171336643.089
 82   184   171341953.788
 83   184   171353681.740
 71   185   172256232.361
 72   185   172251289.562
 73   185   172247701.917
 74   185   172245197.418
 75   185   172244253.751
 76   185   172244755.523
 77   185   172246718.814
 78   185   172249855.228
 79   185   172254165.558
 80   185   172259345.819
 81   185   172265252.499
 82   185   172272958.165
 83   185   172281752.373
 72   186   173184679.213
 73   186   173181982.619
 74   186   173177570.620
 75   186   173177639.778
 76   186   173176057.048
 77   186   173179373.659
 78   186   173180172.955
 79   186   173185811.578
 80   186   173188476.572
 81   186   173196617.819
 82   186   173201311.533
 83   186   173212356.043
 84   186   173219063.714
 72   187   174119780.484
 73   187   174115186.282
 74   187   174111669.204
 75   187   174109845.944
 76   187   174109332.478
 77   187   174110493.117
 78   187   174112846.440
 79   187   174115992.653
 80   187   174120391.813
 81   187   174125555.401
 82   187   174132500.589
 83   187   174140593.139
 84   187   174149298.221
 72   188   175053212.545
 73   188   175049968.516
 74   188   175044399.671
 75   188   175043539.672
 76   188   175040908.279
 77   188   175043185.168
 78   188   175043196.545
 79   188   175048237.719
 80   188   175049792.303
 81   188   175057156.154
 82   188   175061166.560
 83   188   175071285.890
 84   188   175077415.165
 72   189   175988423.606
 73   189   175983245.607
 74   189   175978946.072
 75   189   175976071.891
 76   189   175974553.148
 77   189   175974573.908
 78   189   175976034.187
 79   189   175978426.659
 80   189   175981871.380
 81   189   175986384.434
 82   189   175992597.452
 83   189   175999899.810
 84   189   176008031.628
 73   190   176918055.668
 74   190   176911676.775
 75   190   176909911.678
 76   190   176906326.229
 77   190   176907769.051
 78   190   176906688.436
 79   190   176910619.437
 80   190   176911621.505
 81   190   176918101.676
 82   190   176921553.191
 83   190   176930859.731
 84   190   176936383.890
 73   191   177851570.729
 74   191   177846375.557
 75   191   177842688.677
 76   191   177840132.872
 77   191   177839307.896
 78   191   177839806.282
 79   191   177841185.597
 80   191   177843892.828
 81   191   177847691.888
 82   191   177853227.962
 83   191   177859713.002
 84   191   177867372.981
 85   191   177875794.495
 73   192   178786399.790
 74   192   178779396.791
 75   192   178776945.967
 76   192   178772139.848
 77   192   178772675.149
 78   192   178770709.621
 79   192   178773714.963
 80   192   178773968.728
 81   192   178779596.552
 82   192   178782392.365
 83   192   178790911.315
 84   192   178795865.269
 85   192   178806360.599
 74   193   179714252.852
 75   193   179709793.489
 76   193   179706121.810
 77   193   179704468.536
 78   193   179704014.166
 79   193   179704578.927
 80   193   179706411.009
 81   193   179709485.647
 82   193   179714257.370
 83   193   179720068.029
 84   193   179727070.337
 85   193   179734851.255
 86   193   179743450.789
 74   194   180647507.913
 75   194   180644285.914
 76   194   180638574.724
 77   194   180637967.125
 78   194   180635227.353
 79   194   180637265.763
 80   194   180636783.975
 81   194   180641519.429
 82   194   180643738.488
 83   194   180651398.922
 84   194   180655919.348
 85   194   180665701.394
 86   194   180671625.388
 75   195   181577437.975
 76   195   181572994.383
 77   195   181570300.643
 78   195   181568687.676
 79   195   181568403.501
 80   195   181569462.363
 81   195   181571795.893
 82   195   181575726.867
 83   195   181580903.439
 84   195   181587356.990
 85   195   181594431.159
 86   195   181602446.243
 75   196   182511969.036
 76   196   182505721.242
 77   196   182504051.138
 78   196   182500331.122
 79   196   182501327.110
 80   196   182500129.276
 81   196   182503948.451
 82   196   182505573.405
 83   196   182512414.013
 84   196   182516429.511
 85   196   182525488.418
 86   196   182530861.088
 75   197   183445503.097
 76   197   183440185.098
 77   197   183436717.301
 78   197   183434050.146
 79   197   183432820.126
 80   197   183432909.066
 81   197   183434599.228
 82   197   183437679.395
 83   197   183442230.072
 84   197   183448048.038
 85   197   183454550.877
 86   197   183461860.174
 75   198   184380360.158
 76   198   184373151.159
 77   198   184370656.160
 78   198   184366060.472
 79   198   184365873.167
 80   198   184363989.316
 81   198   184366938.317
 82   198   184367872.076
 83   198   184374041.680
 84   198   184377427.244
 85   198   184385668.169
 86   198   184390647.813
 76   199   185307998.220
 77   199   185303571.017
 78   199   185300069.850
 79   199   185297854.271
 80   199   185296891.834
 81   199   185297867.831
 82   199   185300184.550
 83   199   185304107.770
 84   199   185309180.245
 85   199   185315059.797
 86   199   185321872.392
 87   199   185329622.569
 76   200   186241197.281
 77   200   186237854.282
 78   200   186232353.430
 79   200   186231203.099
 80   200   186228428.694
 81   200   186230373.735
 82   200   186230659.755
 83   200   186236028.613
 84   200   186238933.972
 85   200   186246389.320
 86   200   186250851.954
 87   200   186260490.115
 76   201   187176231.342
 77   201   187171062.343
 78   201   187166707.461
 79   201   187163536.462
 80   201   187161763.619
 81   201   187161736.413
 82   201   187163144.949
 83   201   187166478.689
 84   201   187170857.467
 85   201   187176081.994
 86   201   187182287.871
 87   201   187189451.063
 88   201   187197179.355
 76   202   188109877.403
 77   202   188105677.404
 78   202   188099250.280
 79   202   188097078.427
 80   202   188093574.911
 81   202   188094422.999
 82   202   188093958.188
 83   202   188098646.635
 84   202   188100952.285
 85   202   188107774.608
 86   202   188111580.129
 87   202   188120435.415
 88   202   188125923.559
 77   203   189039257.465
 78   203   189033809.466
 79   203   189029781.983
 80   203   189027145.679
 81   203   189026142.623
 82   203   189026606.464
 83   203   189029357.234
 84   203   189033059.713
 85   203   189037696.948
 86   203   189043189.196
 87   203   189049713.760
 88   203   189056993.353
 77   204   189975753.526
 78   204   189967008.527
 79   204   189963769.528
 80   204   189959218.332
 81   204   189959051.910
 82   204   189957777.161
 83   204   189961729.957
 84   204   189963523.733
 85   204   189969478.103
 86   204   189972859.560
 87   204   189980938.927
 88   204   189985867.673
 78   205   190903458.588
 79   205   190897143.589
 80   205   190893115.122
 81   205   190891071.242
 82   205   190890610.875
 83   205   190892805.434
 84   205   190895849.387
 85   205   190899877.344
 86   205   190904622.747
 87   205   190910515.786
 88   205   190917153.432
 78   206   191838286.649
 79   206   191833192.650
 80   206   191825951.451
 81   206   191824132.809
 82   206   191822089.591
 83   206   191825335.897
 84   206   191826664.296
 85   206   191831912.671
 86   206   191834715.262
 87   206   191842077.169
 88   206   191846374.469
 89   206   191855759.661
 79   207   192768096.711
 80   207   192761903.268
 81   207   192756846.311
 82   207   192754917.191
 83   207   192756803.602
 84   207   192759201.417
 85   207   192762608.813
 86   207   192766690.006
 87   207   192771969.383
 88   207   192777841.616
 89   207   192784937.822
 79   208   193704294.772
 80   208   193696619.367
 81   208   193692624.582
 82   208   193687114.701
 83   208   193689482.065
 84   208   193690371.626
 85   208   193694860.151
 86   208   193697163.553
 87   208   193703641.968
 88   208   193707511.776
 89   208   193716044.917
 90   208   193721448.784
 79   209   194639421.833
 80   209   194632734.834
 81   209   194627230.161
 82   209   194622742.714
 83   209   194621587.687
 84   209   194622969.269
 85   209   194625941.479
 86   209   194629384.015
 87   209   194634033.886
 88   209   194639144.941
 89   209   194645624.158
 90   209   194652805.634
 79   210   195575712.894
 80   210   195567507.895
 81   210   195563115.848
 82   210   195557122.916
 83   210   195556548.431
 84   210   195554876.205
 85   210   195558346.246
 86   210   195560202.367
 87   210   195565963.399
 88   210   195569245.219
 89   210   195577063.531
 90   210   195581822.544
 80   211   196503742.956
 81   211   196497777.959
 82   211   196492853.658
 83   211   196490975.800
 84   211   196489890.835
 85   211   196490165.133
 86   211   196492545.954
 87   211   196496650.147
 88   211   196501110.989
 89   211   196506970.184
 90   211   196513163.677
 80   212   197438618.017
 81   212   197433799.018
 82   212   197427291.778
 83   212   197426211.006
 84   212   197423447.982
 85   212   197424678.235
 86   212   197424135.781
 87   212   197428768.243
 88   212   197431574.353
 89   212   197438539.949
 90   212   197442848.896
 91   212   197451853.479
 80   213   198375021.078
 81   213   198368627.890
 82   213   198363131.437
 83   213   198360591.805
 84   213   198358658.003
 85   213   198358220.922
 86   213   198358591.201
 87   213   198360225.406
 88   213   198363625.021
 89   213   198368912.351
 90   213   198374363.102
 91   213   198381397.220
 80   214   199310027.139
 81   214   199304803.140
 82   214   199297646.355
 83   214   199296116.310
 84   214   199292335.541
 85   214   199292914.746
 86   214   199291463.768
 87   214   199294313.950
 88   214   199294854.044
 89   214   199300694.680
 90   214   199304451.479
 91   214   199312713.592
 80   215   200246551.200
 81   215   200239743.201
 82   215   200233737.202
 83   215   200230458.783
 84   215   200227759.075
 85   215   200226533.344
 86   215   200226109.012
 87   215   200227084.628
 88   215   200228789.264
 89   215   200231775.179
 90   215   200236154.768
 91   215   200242590.995
 80   216   201181696.261
 81   216   201176044.262
 82   216   201168295.263
 83   216   201166178.256
 84   216   201161577.250
 85   216   201161539.794
 86   216   201159024.503
 87   216   201161231.610
 88   216   201161040.633
 89   216   201165382.773
 90   216   201167025.876
 91   216   201174016.111
 81   217   202111133.323
 82   217   202104549.324
 83   217   202100528.287
 84   217   202097172.655
 85   217   202095172.256
 86   217   202093924.254
 87   217   202094069.273
 88   217   202095131.050
 89   217   202097436.094
 90   217   202100439.462
 91   217   202104780.300
 92   217   202110170.335
 81   218   203047406.384
 82   218   203039256.385
 83   218   203036508.423
 84   218   203031140.193
 85   218   203030369.472
 86   218   203026977.234
 87   218   203028307.861
 88   218   203027388.847
 89   218   203031070.512
 90   218   203032082.217
 91   218   203037888.842
 92   218   203040605.369
 82   219   203975576.446
 83   219   203971069.447
 84   219   203966956.808
 85   219   203964161.645
 86   219   203962084.351
 87   219   203961361.033
 88   219   203961626.021
 89   219   203963290.290
 90   219   203965682.526
 91   219   203969238.940
 92   219   203973473.997
 93   219   203978953.458
 82   220   204910460.507
 83   220   204907099.508
 84   220   204901032.971
 85   220   204899634.258
 86   220   204895361.076
 87   220   204895719.694
 88   220   204893996.048
 89   220   204896958.573
 90   220   204897372.822
 91   220   204902410.517
 92   220   204904615.518
 93   220   204911481.519
 83   221   205841872.569
 84   221   205837037.326
 85   221   205833535.299
 86   221   205830714.266
 87   221   205829009.174
 88   221   205828183.811
 89   221   205829232.039
 90   221   205831135.931
 91   221   205834062.955
 92   221   205837658.579
 93   221   205842509.580
 83   222   206777939.630
 84   222   206771243.897
 85   222   206769199.659
 86   222   206764109.665
 87   222   206763574.397
 88   222   206761035.213
 89   222   206762824.385
 90   222   206762894.955
 91   222   206767335.639
 92   222   206768891.640
 93   222   206775177.641
 83   223   207712899.691
 84   223   207707330.693
 85   223   207703168.700
 86   223   207699619.434
 87   223   207697102.674
 88   223   207695442.505
 89   223   207695523.395
 90   223   207696571.816
 91   223   207698995.732
 92   223   207702002.587
 93   223   207706252.702
 83   224   208649022.752
 84   224   208641655.754
 85   224   208638945.770
 86   224   208633168.854
 87   224   208632007.854
 88   224   208628529.086
 89   224   208629425.756
 90   224   208628673.704
 91   224   208632031.415
 92   224   208633371.806
 93   224   208639022.763
 84   225   209577769.815
 85   225   209573123.816
 86   225   209568751.959
 87   225   209565527.618
 88   225   209563190.122
 89   225   209562323.414
 90   225   209562484.372
 91   225   209564003.700
 92   225   209566529.690
 93   225   209570228.617
 84   226   210512282.876
 85   226   210508836.877
 86   226   210502459.071
 87   226   210500741.431
 88   226   210496359.451
 89   226   210496489.368
 90   226   210494865.234
 91   226   210497190.354
 92   226   210497975.081
 93   226   210502911.885
 84   227   211448508.937
 85   227   211443199.938
 86   227   211438091.773
 87   227   211434380.722
 88   227   211431363.399
 89   227   211429524.027
 90   227   211428968.264
 91   227   211429482.956
 92   227   211431162.292
 93   227   211434191.302
 85   228   212378894.999
 86   228   212371943.465
 87   228   212369558.074
 88   228   212364620.199
 89   228   212364063.389
 90   228   212361428.327
 91   228   212363069.452
 92   228   212362856.363
 93   228   212366719.077
 94   228   212368691.091
 85   229   213313528.060
 86   229   213307556.461
 87   229   213303357.419
 88   229   213299720.571
 89   229   213297359.273
 90   229   213295736.843
 91   229   213295537.449
 92   229   213296338.966
 93   229   213298396.897
 94   229   213301499.605
 86   230   214241736.122
 87   230   214238687.698
 88   230   214233182.431
 89   230   214231993.508
 90   230   214228508.370
 91   230   214229307.905
 92   230   214228237.125
 93   230   214231347.616
 94   230   214232534.132
 95   230   214238021.131
 86   231   215177636.183
 87   231   215172735.590
 88   231   215168376.671
 89   231   215165412.035
 90   231   215162955.731
 91   231   215162053.145
 92   231   215161923.703
 93   231   215163230.518
 94   231   215165380.003
 95   231   215169022.192
 87   232   216108151.245
 88   232   216102151.200
 89   232   216100297.666
 90   232   216096080.960
 91   232   216096069.221
 92   232   216094221.119
 93   232   216096460.251
 94   232   216096951.443
 95   232   216101345.253
 96   232   216103970.254
 87   233   217042693.306
 88   233   217037470.655
 89   233   217033945.341
 90   233   217030859.952
 91   233   217029105.356
 92   233   217028024.565
 93   233   217028543.299
 94   233   217030134.428
 95   233   217032834.314
 96   233   217036352.267
 88   234   217971535.639
 89   234   217968972.559
 90   234   217964234.819
 91   234   217963449.732
 92   234   217960745.200
 93   234   217962044.047
 94   234   217961926.261
 95   234   217965526.375
 96   234   217967278.336
 97   234   217973387.377
 88   235   218907340.429
 89   235   218902982.585
 90   235   218899132.180
 91   235   218896892.328
 92   235   218895013.087
 93   235   218894626.308
 94   235   218895254.264
 95   235   218897185.679
 96   235   218900059.437
 97   235   218904241.438
 89   236   219838340.483
 90   236   219832863.690
 91   236   219831431.443
 92   236   219828033.009
 93   236   219828454.933
 94   236   219827467.348
 95   236   219830095.497
 96   236   219831397.516
 97   236   219836573.499
 89   237   220772891.552
 90   237   220768057.645
 91   237   220765119.172
 92   237   220762472.610
 93   237   220761443.022
 94   237   220761152.024
 95   237   220762118.558
 96   237   220764283.989
 97   237   220767713.560
 98   237   220771951.430
 90   238   221702222.614
 91   238   221699979.653
 92   238   221695883.728
 93   238   221695520.080
 94   238   221693717.564
 95   238   221695464.909
 96   238   221695975.645
 97   238   221700235.621
 98   238   221702786.623
 90   239   222637697.675
 91   239   222633916.676
 92   239   222630642.723
 93   239   222628870.264
 94   239   222627636.752
 95   239   222627927.870
 96   239   222629173.126
 97   239   222631764.682
 98   239   222635248.684
 99   239   222640047.685
 91   240   223568876.737
 92   240   223564279.110
 93   240   223563369.497
 94   240   223560667.926
 95   240   223561541.717
 96   240   223561244.307
 97   240   223564673.743
 98   240   223566487.583
 99   240   223572184.746
 91   241   224503257.798
 92   241   224499253.799
 93   241   224496807.781
 94   241   224494991.782
 95   241   224494460.000
 96   241   224494716.386
 97   241   224496535.804
 98   241   224499317.806
 99   241   224503342.807
 100  241   224508094.808
 92   242   225433171.860
 93   242   225431458.436
 94   242   225428247.437
 95   242   225428487.739
 96   242   225427312.282
 97   242   225429730.865
 98   242   225430871.591
 99   242   225435774.868
 100  242   225438862.869
 92   243   226368445.921
 93   243   226365410.922
 94   243   226362778.901
 95   243   226361688.239
 96   243   226361184.713
 97   243   226362181.306
 98   243   226363969.928
 99   243   226367215.929
 100  243   226371320.930
 93   244   227300229.983
 94   244   227296323.799
 95   244   227295887.126
 96   244   227293948.827
 97   244   227295699.679
 98   244   227295952.340
 99   244   227299988.990
 100  244   227302416.991
 93   245   228234472.044
 94   245   228231190.611
 95   245   228229402.326
 96   245   228227993.944
 97   245   228228293.687
 98   245   228229353.985
 99   245   228231824.051
 100  245   228235132.052
 101  245   228239706.053
 94   246   229164901.070
 95   246   229163989.107
 96   246   229161101.713
 97   246   229161940.714
 98   246   229161553.051
 99   246   229164852.112
 100  246   229166627.625
 101  246   229172043.114
 94   247   230100107.167
 95   247   230097642.168
 96   247   230095511.620
 97   247   230094957.000
 98   247   230095059.076
 99   247   230097022.641
 100  247   230099607.174
 101  247   230103359.175
 95   248   231032545.229
 96   248   231028864.693
 97   248   231029041.231
 98   248   231027689.190
 99   248   231030239.234
 100  248   231031325.963
 101  248   231036065.236
 102  248   231039026.237
 95   249   231966580.290
 96   249   231963716.701
 97   249   231962304.863
 98   249   231961669.256
 99   249   231962609.295
 100  249   231964441.836
 101  249   231967644.297
 102  249   231971681.298
 96   250   232897449.651
 97   250   232896899.888
 98   250   232894609.313
 99   250   232896153.356
 100  250   232896488.723
 101  250   232900536.358
 102  250   232902956.359
 96   251   233832602.740
 97   251   233830671.741
 98   251   233829067.743
 99   251   233828933.963
 100  251   233829863.337
 101  251   233832365.243
 102  251   233835737.420
 103  251   233840104.421
 96   252   234766503.474
 97   252   234765471.475
 98   252   234762460.724
 99   252   234763209.725
 100  252   234762221.051
 101  252   234765403.480
 102  252   234767253.623
 103  252   234772608.482
 97   253   235699359.536
 98   253   235697221.814
 99   253   235696423.185
 100  253   235696246.458
 101  253   235697561.541
 102  253   235700235.461
 103  253   235703941.543
 104  253   235708410.544
 97   254   236634317.597
 98   254   236630755.626
 99   254   236630894.751
 100  254   236629295.952
 101  254   236631334.602
 102  254   236632094.256
 103  254   236636731.604
 104  254   236639545.605
 98   255   237565718.660
 99   255   237564487.244
 100  255   237563686.625
 101  255   237564219.002
 102  255   237565670.899
 103  255   237568299.966
 104  255   237572172.666
 105  255   237577063.667
 98   256   238499442.721
 99   256   238499077.722
 100  256   238496867.091
 101  256   238498325.724
 102  256   238498181.654
 103  256   238501593.325
 104  256   238503558.412
 105  256   238509323.728
 99   257   239432787.783
 100  257   239431464.525
 101  257   239431359.946
 102  257   239432102.219
 103  257   239433947.787
 104  257   239436697.400
 105  257   239440526.789
 99   258   240367580.844
 100  258   240364794.845
 101  258   240365545.195
 102  258   240364824.847
 103  258   240367618.848
 104  258   240368666.112
 105  258   240373611.850
 106  258   240376544.851
 100  259   241299566.906
 101  259   241298975.907
 102  259   241298950.908
 103  259   241300181.909
 104  259   241302179.910
 105  259   241305297.928
 106  259   241309354.912
 100  260   242233121.967
 101  260   242233396.968
 102  260   242231945.969
 103  260   242234099.970
 104  260   242234460.971
 105  260   242238473.972
 106  260   242240838.081
 107  260   242247102.974
 101  261   243166917.029
 102  261   243166284.030
 103  261   243166879.031
 104  261   243168127.803
 105  261   243170545.033
 106  261   243173790.262
 107  261   243178408.035
 101  262   244101460.090
 102  262   244099424.091
 103  262   244100914.092
 104  262   244100694.093
 105  262   244104046.094
 106  262   244105645.014
 107  262   244111310.096
 102  263   245033946.152
 103  263   245034035.153
 104  263   245034582.154
 105  263   245036395.155
 106  263   245038962.156
 107  263   245042757.157
 108  263   245047468.158
 102  264   245967321.213
 103  264   245968176.214
 104  264   245967365.215
 105  264   245970139.216
 106  264   245971050.217
 107  264   245975813.218
 108  264   245978807.918
 103  265   246901526.275
 104  265   246901473.276
 105  265   246902758.277
 106  265   246904557.278
 107  265   246907606.279
 108  265   246911639.669
 109  265   246916907.281
 103  266   247836409.336
 104  266   247834353.337
 105  266   247836503.338
 106  266   247836873.339
 107  266   247840851.340
 108  266   247843369.783
 109  266   247849684.342
 104  267   248769215.398
 105  267   248769334.399
 106  267   248770586.400
 107  267   248773004.401
 108  267   248776379.402
 109  267   248781006.403
 110  267   248786623.404
 104  268   249702740.459
 105  268   249703815.460
 106  268   249703044.461
 107  268   249706538.462
 108  268   249708051.463
 109  268   249713860.464
 110  268   249717847.465
 105  269   250637395.521
 106  269   250637551.522
 107  269   250638707.523
 108  269   250641304.524
 109  269   250645515.525
 110  269   250650528.262
 105  270   251572098.582
 106  270   251570722.583
 107  270   251572946.584
 108  270   251573298.585
 109  270   251578411.586
 110  270   251581865.859
 106  271   252505482.644
 107  271   252506203.645
 108  271   252507475.646
 109  271   252510293.647
 110  271   252514627.648
 106  272   253438798.705
 107  272   253440499.706
 108  272   253440203.707
 109  272   253444267.708
 110  272   253446190.709
 111  272   253452436.710
 106  273   254373730.766
 107  273   254373834.767
 108  273   254374663.768
 109  273   254376686.769
 110  273   254380051.770
 111  273   254383793.771
 107  274   255308409.828
 108  274   255307671.829
 109  274   255310831.830
 110  274   255312337.831
 111  274   255317268.832
 107  275   256241880.889
 108  275   256242299.890
 109  275   256243792.891
 110  275   256246274.892
 111  275   256249402.893
 108  276   257175457.951
 109  276   257177870.952
 110  276   257178692.953
 111  276   257183126.954
 112  276   257185480.956
 108  277   258110160.012
 109  277   258110924.013
 110  277   258112878.014
 111  277   258115306.015
 112  277   258119053.017
 109  278   259045249.074
 110  278   259045421.075
 111  278   259049058.076
 112  278   259051027.078
 113  278   259056499.079
 109  279   259978390.135
 110  279   259979763.136
 111  279   259981696.137
 112  279   259984744.139
 113  279   259988339.140
 110  280   260912387.197
 111  280   260915441.198
 112  280   260916802.200
 113  280   260921677.201
 110  281   261846862.258
 111  281   261848073.259
 112  281   261850716.261
 113  281   261853684.262
 111  282   262782138.320
 112  282   262782909.322
 113  282   262787220.323
 111  283   263714959.381
 112  283   263716987.383
 113  283   263719551.384
 112  284   264649306.444
 113  284   264653053.445
 112  285   265583558.505
 113  285   265585479.506
 114  285   265588615.507
 113  286   266519283.567
 114  286   266520660.568
 113  287   267451877.628
 114  287   267454528.629
 115  287   267457669.630
 114  288   268386757.690
 115  288   268391060.691
 114  289   269320903.751
 115  289   269323381.752
 116  289   269327094.753
 115  290   270257062.813
 116  290   270259031.814
 115  291   271189576.874
 116  291   271192797.875
 117  291   271196438.876
 116  292   272124910.936
 117  292   272129729.937
 116  293   273058962.997
 117  293   273061942.998
 118  293   273066393.999
 117  294   273995511.059
 118  294   273998222.060
 118  295   274931877.121
