0 10.3332 1.00102
1 4.85929 1.00815
2 0.17508 1.00934
3 5.58545 0.991565
4 0.500459 1.00109
5 5.89653 1.01895
6 1.68766 1.01395
7 5.71254 1.01103
8 0.788292 1.00879
9 6.70926 1.006
10 2.77466 1.02255
11 6.38933 1.01654
12 2.09062 0.995608
13 6.65723 1.02099
14 -0.179797 1.02782
15 9.08674 1.00269
16 0 1
17 6.83734 1.00606
18 -0.428801 1.0143
19 3.24762 0.982068
20 -1.0534 1.01177
21 3.40021 1.0096
22 -0.877722 1.00128
23 6.20242 1.00631
24 2.75609 0.990219
25 2.38 0.978621
26 1.20725 0.985333
27 3.59597 0.972839
28 1.39095 0.965847
29 1.28678 0.999668
30 2.45916 1.00428
31 3.16503 0.969239
0 23.1065 0.955886
1 16.7365 0.975259
2 16.1244 0.971054
3 21.2204 0.975471
4 8.19195 0.978029
5 15.8505 0.986296
6 10.2215 0.982382
7 19.9767 0.992016
8 9.27248 0.992379
9 12.1207 0.96336
10 12.542 0.988041
11 16.0108 0.981685
12 13.7999 0.999753
13 15.9342 0.979866
14 8.826 0.980464
15 18.7789 0.988287
16 -2.835 0.980683
17 11.591 0.969758
18 1.03341 1.00056
19 8.2777 0.996615
20 -9.40875 0.982335
21 2.83234 0.967582
22 0 0
23 6.54507 0.956047
24 4.89973 0.992193
25 -0.264547 0.974654
26 -0.221229 0.993838
27 8.75588 0.981591
28 -4.46969 0.984534
29 -3.10713 0.969547
30 0.756632 0.976658
31 1.93833 0.969067
